[0m[ INFO] [1539484934.391094153]: Initializing RF2O node...[0m
[0m[ INFO] [1539484934.626606210]: initialization complete...Looping[0m
[33m[ WARN] [1539484934.626886265]: Waiting for laser_scans....[0m
[33m[ WARN] [1539484934.727024395]: Waiting for laser_scans....[0m
[33m[ WARN] [1539484934.827321172]: Waiting for laser_scans....[0m
[33m[ WARN] [1539484934.926989402]: Waiting for laser_scans....[0m
[33m[ WARN] [1539484935.026993000]: Waiting for laser_scans....[0m
[33m[ WARN] [1539484935.127006598]: Waiting for laser_scans....[0m
[33m[ WARN] [1539484935.226995874]: Waiting for laser_scans....[0m
[33m[ WARN] [1539484935.327680519]: Waiting for laser_scans....[0m
[33m[ WARN] [1539484935.427091665]: Waiting for laser_scans....[0m
[33m[ WARN] [1539484935.527001773]: Waiting for laser_scans....[0m
[33m[ WARN] [1539484935.626989642]: Waiting for laser_scans....[0m
[33m[ WARN] [1539484935.726920115]: Waiting for laser_scans....[0m
[33m[ WARN] [1539484935.826921838]: Waiting for laser_scans....[0m
[33m[ WARN] [1539484935.926925332]: Waiting for laser_scans....[0m
[33m[ WARN] [1539484936.026920233]: Waiting for laser_scans....[0m
[33m[ WARN] [1539484936.126929144]: Waiting for laser_scans....[0m
[33m[ WARN] [1539484936.226923056]: Waiting for laser_scans....[0m
[33m[ WARN] [1539484936.326933582]: Waiting for laser_scans....[0m
[33m[ WARN] [1539484936.426932285]: Waiting for laser_scans....[0m
[33m[ WARN] [1539484936.526943957]: Waiting for laser_scans....[0m
[33m[ WARN] [1539484936.626930316]: Waiting for laser_scans....[0m
[33m[ WARN] [1539484936.726933967]: Waiting for laser_scans....[0m
[33m[ WARN] [1539484936.826907670]: Waiting for laser_scans....[0m
[33m[ WARN] [1539484936.926936322]: Waiting for laser_scans....[0m
[33m[ WARN] [1539484937.026926483]: Waiting for laser_scans....[0m
[33m[ WARN] [1539484937.126914093]: Waiting for laser_scans....[0m
[33m[ WARN] [1539484937.226979047]: Waiting for laser_scans....[0m
[33m[ WARN] [1539484937.326979209]: Waiting for laser_scans....[0m
[33m[ WARN] [1539484937.426966559]: Waiting for laser_scans....[0m
[33m[ WARN] [1539484937.526960419]: Waiting for laser_scans....[0m
[33m[ WARN] [1539484937.626961310]: Waiting for laser_scans....[0m
[33m[ WARN] [1539484937.726959650]: Waiting for laser_scans....[0m
[33m[ WARN] [1539484937.826987260]: Waiting for laser_scans....[0m
[33m[ WARN] [1539484937.926977630]: Waiting for laser_scans....[0m
[33m[ WARN] [1539484938.026965345]: Waiting for laser_scans....[0m
[33m[ WARN] [1539484938.126960820]: Waiting for laser_scans....[0m
[33m[ WARN] [1539484938.226971399]: Waiting for laser_scans....[0m
[33m[ WARN] [1539484938.326969479]: Waiting for laser_scans....[0m
[0m[ INFO] [1539484938.427194435]: Got first Laser Scan .... Configuring node[0m
[0m[ INFO] [1539484938.541044603]: Time odometry (ms): 87.932999[0m
[0m[ INFO] [1539484938.564213796]: LASERodom = [0.000000 0.000000 0.000000][0m
[0m[ INFO] [1539484938.564520465]: BASEodom = [0.000000 0.000000 0.000000][0m
[0m[ INFO] [1539484938.657345727]: Time odometry (ms): 91.425003[0m
[0m[ INFO] [1539484938.658261620]: LASERodom = [0.000000 0.000000 0.000000][0m
[0m[ INFO] [1539484938.658532508]: BASEodom = [0.000000 0.000000 0.000000][0m

COV_ODO: 1.76006e-05 4.21878e-06 2.64403e-06
4.21878e-06 3.56034e-05 1.48963e-06
2.64403e-06 1.48963e-06 5.30984e-06

COV_ODO:  1.64176e-07  6.50053e-07 -4.13901e-08
 6.50053e-07  2.57725e-06 -1.64167e-07
-4.13901e-08 -1.64167e-07  1.51824e-06

COV_ODO:  3.49862e-07  8.78355e-08 -3.94533e-08
 8.78355e-08  2.81982e-07  9.11392e-09
-3.94533e-08  9.11393e-09  2.58972e-07

COV_ODO:  2.08203e-07 -1.85116e-08 -5.54196e-08
-1.85116e-08  3.60399e-09  5.20581e-09
-5.54196e-08  5.20581e-09  2.75547e-07

COV_ODO:    6.806e-08 -1.12154e-08  1.01223e-09
-1.12154e-08  6.45364e-08  3.84231e-09
 1.01223e-09  3.84231e-09  5.54517e-08
[0m[ INFO] [1539484938.942260420]: Time odometry (ms): 282.522003[0m
[0m[ INFO] [1539484938.943171364]: LASERodom = [-0.000076 0.000703 0.000846][0m
[0m[ INFO] [1539484938.943451523]: BASEodom = [-0.000076 0.000703 0.000846][0m

COV_ODO:   6.8705e-06 -3.96861e-06 -1.28794e-06
-3.96861e-06   9.6062e-06  -1.5413e-06
-1.28794e-06  -1.5413e-06  7.48163e-06

COV_ODO: 8.87211e-07 3.41191e-08 -2.2934e-07
3.41191e-08 4.61868e-07 2.29787e-07
-2.2934e-07 2.29787e-07 7.48402e-07

COV_ODO:  3.43192e-07 -1.08801e-07 -8.51807e-08
-1.08801e-07  3.46249e-08  2.70269e-08
-8.51807e-08  2.70269e-08  3.04233e-07

COV_ODO:  2.88648e-07 -6.00308e-08 -1.64589e-07
-6.00308e-08  3.31669e-07  2.48582e-08
-1.64589e-07  2.48582e-08  3.59461e-07

COV_ODO:  1.43716e-07 -2.09599e-08 -2.99503e-08
-2.09599e-08  9.51936e-08  1.93506e-09
-2.99504e-08  1.93506e-09  1.04052e-07
[0m[ INFO] [1539484939.261026318]: Time odometry (ms): 316.308990[0m
[0m[ INFO] [1539484939.262994719]: LASERodom = [-0.000648 0.000132 0.001191][0m
[0m[ INFO] [1539484939.263464410]: BASEodom = [-0.000648 0.000132 0.001191][0m

COV_ODO:  1.28603e-05  8.48488e-06 -4.36193e-06
 8.48488e-06  2.82578e-05 -1.13287e-06
-4.36193e-06 -1.13287e-06  8.81767e-06

COV_ODO:  2.02315e-06  1.23362e-06 -1.06062e-06
 1.23362e-06  3.72001e-06 -1.02965e-07
-1.06062e-06 -1.02965e-07  2.13915e-06

COV_ODO: 3.90103e-07 1.84598e-07 1.52869e-08
1.84598e-07 4.17465e-07 3.22232e-09
1.52869e-08 3.22232e-09 1.57365e-07

COV_ODO:  3.36168e-07  5.33784e-08  5.10719e-08
 5.33784e-08  3.71206e-07 -1.14348e-08
 5.10719e-08 -1.14348e-08  1.69116e-07

COV_ODO:   7.9915e-08 -2.06149e-08  8.77299e-09
-2.06149e-08  8.71839e-08 -2.28466e-08
 8.77299e-09 -2.28466e-08  6.55366e-08
[0m[ INFO] [1539484939.572191376]: Time odometry (ms): 306.803009[0m
[0m[ INFO] [1539484939.573597637]: LASERodom = [-0.000126 -0.000658 0.001191][0m
[0m[ INFO] [1539484939.574685770]: BASEodom = [-0.000126 -0.000658 0.001191][0m

COV_ODO:  7.59333e-06  1.40294e-06 -3.36722e-06
 1.40294e-06  2.39356e-05  3.67303e-06
-3.36722e-06  3.67303e-06  7.80117e-06

COV_ODO:   6.8427e-06  2.08132e-07 -2.34033e-06
 2.08132e-07  8.37996e-06 -3.19667e-06
-2.34033e-06 -3.19667e-06  8.12323e-06

COV_ODO:    1.716e-06  6.25443e-07 -3.56909e-07
 6.25443e-07  1.51334e-06  9.84252e-08
-3.56909e-07  9.84252e-08  9.76603e-07

COV_ODO:  5.23317e-07 -6.70261e-08 -6.09229e-08
-6.70261e-08  4.61729e-07 -2.60151e-09
-6.09229e-08 -2.60151e-09  3.58844e-07

COV_ODO:  1.01421e-07 -1.07096e-08 -1.51137e-08
-1.07096e-08   1.0021e-07 -1.80073e-08
-1.51137e-08 -1.80073e-08  8.99694e-08
[0m[ INFO] [1539484939.884647433]: Time odometry (ms): 307.766998[0m
[0m[ INFO] [1539484939.885953120]: LASERodom = [-0.000235 -0.001134 0.000703][0m
[0m[ INFO] [1539484939.886271456]: BASEodom = [-0.000235 -0.001134 0.000703][0m

COV_ODO:  2.74247e-05 -3.02302e-06  9.88339e-07
-3.02302e-06  7.95482e-06   4.1248e-06
 9.88339e-07   4.1248e-06  1.37482e-05

COV_ODO:  5.04788e-06  3.04718e-07 -3.27574e-06
 3.04718e-07  5.39762e-06  2.15793e-06
-3.27574e-06  2.15793e-06  5.84658e-06

COV_ODO:   8.4291e-06 -2.31986e-06   -1.271e-06
-2.31986e-06  7.03194e-06 -2.90899e-07
  -1.271e-06 -2.90899e-07  5.42279e-06

COV_ODO:  7.76946e-07  3.11412e-09 -3.12278e-07
 3.11412e-09  6.77723e-07  1.42566e-07
-3.12278e-07  1.42566e-07  1.00532e-06

COV_ODO:  1.03445e-07 -1.47549e-08  -1.0248e-08
-1.47549e-08  1.01768e-07  5.12285e-09
 -1.0248e-08  5.12285e-09  1.07591e-07
[0m[ INFO] [1539484940.190567034]: Time odometry (ms): 302.623993[0m
[0m[ INFO] [1539484940.191851575]: LASERodom = [0.000012 -0.000343 0.000703][0m
[0m[ INFO] [1539484940.192294287]: BASEodom = [0.000012 -0.000343 0.000703][0m

COV_ODO: 0.000136401 3.95901e-05 4.54044e-05
3.95902e-05 4.78499e-05 3.47708e-05
4.54044e-05 3.47708e-05 4.53821e-05

COV_ODO:  1.58886e-06 -3.81166e-07 -4.32839e-07
-3.81166e-07  1.51857e-06  2.63424e-07
-4.32839e-07  2.63424e-07  9.39725e-07

COV_ODO:  4.33638e-07  2.93331e-07 -1.44492e-07
 2.93331e-07  3.11664e-07 -1.17018e-07
-1.44492e-07 -1.17018e-07  7.18161e-07

COV_ODO: 5.13067e-07 2.66681e-08 2.69447e-08
2.66681e-08 6.64289e-07 1.53169e-07
2.69447e-08 1.53169e-07 5.39725e-07

COV_ODO:  3.44545e-08  2.08279e-08 -4.09539e-09
 2.08279e-08  2.06447e-08 -2.86247e-09
-4.09539e-09 -2.86247e-09  4.36722e-08
[0m[ INFO] [1539484940.481937145]: Time odometry (ms): 287.941010[0m
[0m[ INFO] [1539484940.483265281]: LASERodom = [0.000896 -0.001248 0.001191][0m
[0m[ INFO] [1539484940.483707003]: BASEodom = [0.000896 -0.001248 0.001191][0m

COV_ODO: 0.000210172 4.27793e-05 4.48126e-05
4.27793e-05 4.55373e-05 2.10506e-05
4.48126e-05 2.10506e-05 4.94587e-05

COV_ODO:  5.76572e-06  5.76458e-07 -2.07959e-06
 5.76458e-07  1.01486e-05 -7.31196e-07
-2.07959e-06 -7.31196e-07  4.57303e-06

COV_ODO:  8.91025e-07 -1.64235e-07 -8.22446e-08
-1.64235e-07  6.23995e-08  1.21054e-08
-8.22446e-08  1.21054e-08  9.47952e-07

COV_ODO: 7.03995e-07 6.32627e-08 6.17711e-09
6.32627e-08  6.7363e-07 1.22784e-07
6.17711e-09 1.22784e-07 4.49488e-07

COV_ODO:  1.72777e-07 -1.84802e-08  1.81649e-08
-1.84802e-08  1.41645e-07  -1.2329e-08
 1.81649e-08  -1.2329e-08  1.29641e-07
[0m[ INFO] [1539484940.772477719]: Time odometry (ms): 287.467010[0m
[0m[ INFO] [1539484940.773832730]: LASERodom = [0.001217 -0.002127 0.001191][0m
[0m[ INFO] [1539484940.774172524]: BASEodom = [0.001217 -0.002127 0.001191][0m

COV_ODO:  1.42079e-05 -2.27882e-07 -1.43276e-06
-2.27882e-07  8.01874e-06 -1.44686e-06
-1.43276e-06 -1.44686e-06  8.37316e-06

COV_ODO:  4.81408e-05  2.95278e-05 -2.21717e-05
 2.95278e-05  3.62927e-05 -9.86378e-06
-2.21717e-05 -9.86378e-06   2.5894e-05

COV_ODO: 2.96683e-06 1.31229e-07 -4.0514e-07
1.31229e-07 2.66138e-06 2.45585e-07
-4.0514e-07 2.45585e-07 2.26188e-06

COV_ODO:  9.53235e-07 -4.43788e-07    1.013e-07
-4.43788e-07  9.65127e-07  4.58061e-08
   1.013e-07  4.58061e-08  4.87295e-07

COV_ODO:  1.38554e-07 -4.35638e-08  1.98445e-08
-4.35638e-08  1.38322e-07 -2.81908e-08
 1.98445e-08 -2.81908e-08  1.11296e-07
[0m[ INFO] [1539484941.010245064]: Time odometry (ms): 234.839996[0m
[0m[ INFO] [1539484941.010971997]: LASERodom = [0.000520 -0.000642 0.000214][0m
[0m[ INFO] [1539484941.011160905]: BASEodom = [0.000520 -0.000642 0.000214][0m

COV_ODO:  1.13167e-05 -7.96019e-06 -9.97745e-06
-7.96019e-06  1.62385e-05   7.6738e-06
-9.97745e-06   7.6738e-06  2.08832e-05

COV_ODO:  2.15486e-06  8.07061e-07 -6.57687e-07
 8.07061e-07  3.14828e-06  1.94959e-06
-6.57687e-07  1.94959e-06  3.00562e-06

COV_ODO:  7.68506e-10 -1.03449e-09 -4.38814e-10
-1.03449e-09  2.01689e-08  7.69992e-09
-4.38814e-10  7.69992e-09   3.1517e-07

COV_ODO: 8.05694e-08  1.2228e-07 1.40192e-08
 1.2228e-07 2.22451e-07 2.29564e-08
1.40192e-08 2.29564e-08 3.75938e-07

COV_ODO: 1.68678e-08 1.58448e-08 3.74765e-09
1.58448e-08 2.39137e-08 5.07217e-09
3.74765e-09 5.07217e-09 3.97215e-08
[0m[ INFO] [1539484941.156587053]: Time odometry (ms): 144.567001[0m
[0m[ INFO] [1539484941.157331382]: LASERodom = [-0.000717 0.000794 0.000986][0m
[0m[ INFO] [1539484941.157523779]: BASEodom = [-0.000717 0.000794 0.000986][0m

COV_ODO:  0.000365207 -6.95804e-05  5.03763e-05
-6.95804e-05  0.000162548  4.10357e-05
 5.03763e-05  4.10357e-05  0.000189595

COV_ODO:  2.32988e-05  -3.3022e-06 -3.93758e-06
 -3.3022e-06  2.50482e-05   8.5753e-06
-3.93758e-06   8.5753e-06  2.16566e-05

COV_ODO:  7.58302e-06 -1.24309e-06 -5.45234e-07
-1.24309e-06  6.55372e-06  1.19189e-06
-5.45234e-07  1.19189e-06  4.86542e-06

COV_ODO:  5.75775e-07 -1.22723e-07  2.44941e-08
-1.22723e-07  5.37076e-07 -2.98107e-09
 2.44941e-08 -2.98107e-09  4.93964e-07

COV_ODO:  1.19772e-07 -5.40744e-08  8.86472e-09
-5.40744e-08  1.17809e-07 -1.68028e-08
 8.86472e-09 -1.68028e-08  7.47649e-08
[0m[ INFO] [1539484941.312681932]: Time odometry (ms): 154.233994[0m
[0m[ INFO] [1539484941.313452980]: LASERodom = [-0.000650 0.000851 0.001584][0m
[0m[ INFO] [1539484941.313693138]: BASEodom = [-0.000650 0.000851 0.001584][0m

COV_ODO:  0.000221524 -8.54427e-05 -8.88759e-05
-8.54427e-05  0.000200166  0.000118516
-8.88759e-05  0.000118516  0.000213581

COV_ODO:  1.70801e-07  6.69469e-07 -4.05184e-08
 6.69469e-07  2.65368e-06  -1.5997e-07
-4.05184e-08  -1.5997e-07  1.55067e-06

COV_ODO:  2.67552e-07  -2.4612e-07 -7.76711e-08
 -2.4612e-07   4.1105e-07  1.14933e-07
-7.76711e-08  1.14933e-07  1.75736e-06

COV_ODO:  9.91991e-07 -2.15941e-08  9.15958e-08
-2.15941e-08  1.04027e-06  1.91614e-07
 9.15958e-08  1.91614e-07  6.22093e-07

COV_ODO:  1.07639e-07  -5.5244e-08  1.03897e-08
 -5.5244e-08  1.16939e-07 -3.52662e-08
 1.03897e-08 -3.52662e-08  7.77162e-08
[0m[ INFO] [1539484941.458795430]: Time odometry (ms): 144.057999[0m
[0m[ INFO] [1539484941.459599446]: LASERodom = [-0.000987 0.001823 0.002561][0m
[0m[ INFO] [1539484941.459824083]: BASEodom = [-0.000987 0.001823 0.002561][0m

COV_ODO:  0.000228573 -1.59589e-05 -3.39013e-05
-1.59589e-05  9.24558e-05  3.28912e-05
-3.39013e-05  3.28912e-05  0.000159979

COV_ODO:  1.78445e-05  3.44782e-06 -5.05738e-06
 3.44782e-06  2.02031e-05  3.88602e-06
-5.05738e-06  3.88602e-06  1.51056e-05

COV_ODO:  9.23073e-07  3.26458e-07 -2.97282e-07
 3.26458e-07  9.23916e-07  8.68784e-08
-2.97282e-07  8.68785e-08  5.66179e-07

COV_ODO:  3.31067e-07 -1.79622e-09 -6.21839e-08
-1.79622e-09  2.62451e-07  5.47342e-08
-6.21839e-08  5.47342e-08  2.29883e-07

COV_ODO:  4.66015e-08 -3.85306e-09 -8.77221e-09
-3.85306e-09  4.92989e-08 -1.08909e-08
-8.77221e-09 -1.08909e-08  3.67509e-08
[0m[ INFO] [1539484941.600736290]: Time odometry (ms): 139.985001[0m
[0m[ INFO] [1539484941.601507702]: LASERodom = [-0.001405 0.001341 0.002906][0m
[0m[ INFO] [1539484941.601693121]: BASEodom = [-0.001405 0.001341 0.002906][0m

COV_ODO:  0.000156303 -3.75888e-05 -4.53505e-05
-3.75888e-05   0.00010194  2.86747e-05
-4.53505e-05  2.86747e-05  0.000122219

COV_ODO: 1.26133e-07 4.14752e-07 4.38859e-08
4.14752e-07 1.65731e-06 2.16152e-07
4.38859e-08 2.16152e-07 1.49661e-06

COV_ODO:  2.59037e-06  1.15506e-07 -1.33704e-06
 1.15506e-07  2.81965e-06  1.22056e-06
-1.33704e-06  1.22056e-06  2.96111e-06

COV_ODO: 4.08448e-07 6.92944e-08 -1.1267e-07
6.92944e-08 3.84976e-07 1.44083e-07
-1.1267e-07 1.44083e-07 3.44061e-07

COV_ODO:  7.28672e-08 -1.95414e-08 -2.10544e-08
-1.95414e-08  5.62789e-08   1.9011e-08
-2.10544e-08   1.9011e-08  6.06966e-08
[0m[ INFO] [1539484941.749936531]: Time odometry (ms): 147.207993[0m
[0m[ INFO] [1539484941.750689089]: LASERodom = [-0.002053 0.001702 0.002418][0m
[0m[ INFO] [1539484941.750880913]: BASEodom = [-0.002053 0.001702 0.002418][0m

COV_ODO:   2.1726e-05 -9.57733e-06 -4.93875e-06
-9.57733e-06  1.85651e-05  3.09484e-06
-4.93875e-06  3.09484e-06  1.72689e-05

COV_ODO: 4.17324e-08 1.64816e-07 4.35749e-08
1.64816e-07 6.53409e-07 1.73031e-07
4.35749e-08 1.73031e-07 4.41663e-07

COV_ODO:  5.93568e-06  1.05563e-06 -1.74463e-06
 1.05563e-06  7.77472e-06  1.64938e-06
-1.74463e-06  1.64938e-06  5.49393e-06

COV_ODO:  1.19933e-06 -3.05838e-07  3.37395e-08
-3.05838e-07  1.22116e-06   6.7885e-08
 3.37395e-08   6.7885e-08  9.37311e-07

COV_ODO:  1.24998e-07 -1.67545e-08 -4.22091e-08
-1.67545e-08  1.00814e-07  1.45991e-08
-4.22091e-08  1.45991e-08  1.66225e-07
[0m[ INFO] [1539484941.901880022]: Time odometry (ms): 149.919998[0m
[0m[ INFO] [1539484941.902669664]: LASERodom = [-0.001516 0.001157 0.004371][0m
[0m[ INFO] [1539484941.902902322]: BASEodom = [-0.001516 0.001157 0.004371][0m

COV_ODO:  1.68779e-05 -5.72103e-06 -4.65212e-06
-5.72103e-06  1.24794e-05  1.56495e-06
-4.65212e-06  1.56495e-06  1.32394e-05

COV_ODO: 4.82934e-08  1.6371e-07 4.67262e-08
 1.6371e-07 6.48737e-07 1.95223e-07
4.67262e-08 1.95223e-07 5.28882e-07

COV_ODO:  2.66232e-06 -6.37271e-07 -4.72963e-07
-6.37271e-07  6.95595e-07  3.41637e-08
-4.72963e-07  3.41637e-08   1.9122e-06

COV_ODO:   7.5225e-07 -2.05765e-07  7.38082e-08
-2.05765e-07  6.60386e-07  -7.1572e-08
 7.38082e-08  -7.1572e-08  5.65806e-07

COV_ODO:  1.15669e-07 -4.85036e-08 -1.60308e-08
-4.85036e-08  1.01921e-07  7.09253e-09
-1.60308e-08  7.09253e-09  7.33022e-08
[0m[ INFO] [1539484942.047922062]: Time odometry (ms): 144.195007[0m
[0m[ INFO] [1539484942.048466128]: LASERodom = [-0.001708 0.002063 0.002611][0m
[0m[ INFO] [1539484942.048642223]: BASEodom = [-0.001708 0.002063 0.002611][0m

COV_ODO:  4.88613e-06 -4.23376e-06 -4.98525e-07
-4.23376e-06  3.66866e-06  4.31933e-07
-4.98525e-07  4.31933e-07  5.85165e-06

COV_ODO: 8.57082e-08 2.20482e-07 3.94953e-08
2.20482e-07 8.70978e-07 1.87025e-07
3.94953e-08 1.87025e-07 8.23373e-07

COV_ODO:   1.0403e-05  2.56031e-07 -4.43517e-07
 2.56031e-07  1.42262e-05 -1.40562e-07
-4.43517e-07 -1.40562e-07  4.81595e-06

COV_ODO:  1.31846e-06 -4.81463e-07    1.362e-07
-4.81463e-07   1.1025e-06 -2.17016e-07
   1.362e-07 -2.17016e-07  7.25741e-07

COV_ODO:   7.2525e-08 -1.39319e-08  1.34321e-09
-1.39319e-08     5.51e-08 -1.75439e-08
 1.34321e-09 -1.75439e-08  5.35102e-08
[0m[ INFO] [1539484942.195282028]: Time odometry (ms): 145.929001[0m
[0m[ INFO] [1539484942.195876668]: LASERodom = [-0.001508 0.001929 0.002956][0m
[0m[ INFO] [1539484942.196124379]: BASEodom = [-0.001508 0.001929 0.002956][0m

COV_ODO:  1.61236e-05 -1.08517e-05 -8.37984e-06
-1.08517e-05  2.30138e-05  9.64352e-06
-8.37984e-06  9.64352e-06   2.3622e-05

COV_ODO:  3.22528e-05  7.08077e-06 -1.19452e-06
 7.08077e-06  3.03196e-05  1.68804e-05
-1.19452e-06  1.68804e-05    3.161e-05

COV_ODO:  6.49969e-06  5.24196e-07 -1.11768e-06
 5.24196e-07   9.1952e-06 -1.12091e-06
-1.11768e-06 -1.12091e-06  5.61638e-06

COV_ODO:  1.69655e-06 -6.43853e-07  4.05773e-08
-6.43853e-07  1.54026e-06  -2.6152e-07
 4.05773e-08  -2.6152e-07  1.16666e-06

COV_ODO:  8.33394e-08 -3.09231e-08  1.22817e-08
-3.09231e-08  7.45532e-08 -3.66959e-09
 1.22817e-08 -3.66959e-09  5.03537e-08
[0m[ INFO] [1539484942.342744235]: Time odometry (ms): 145.867996[0m
[0m[ INFO] [1539484942.343313771]: LASERodom = [-0.001051 0.001709 0.002611][0m
[0m[ INFO] [1539484942.343535752]: BASEodom = [-0.001051 0.001709 0.002611][0m

COV_ODO:  1.05463e-05  -3.2414e-06 -5.80427e-07
 -3.2414e-06  1.15662e-05  6.23999e-07
-5.80427e-07  6.23999e-07  6.88602e-06

COV_ODO:  3.63034e-06   1.5732e-06 -2.87016e-07
  1.5732e-06  3.96962e-06  1.02873e-06
-2.87016e-07  1.02873e-06  2.49074e-06

COV_ODO:  9.42242e-07   1.4327e-07  4.07085e-08
  1.4327e-07  4.83504e-07 -3.72003e-08
 4.07085e-08 -3.72003e-08  3.64361e-07

COV_ODO:  7.88469e-07  4.87945e-08 -6.82456e-08
 4.87945e-08  4.11525e-07 -2.35514e-08
-6.82456e-08 -2.35514e-08  3.11231e-07

COV_ODO:  8.35347e-08 -2.06916e-08  7.56577e-09
-2.06916e-08  6.74282e-08 -1.10622e-08
 7.56577e-09 -1.10622e-08  6.36878e-08
[0m[ INFO] [1539484942.485580937]: Time odometry (ms): 141.343994[0m
[0m[ INFO] [1539484942.486081775]: LASERodom = [-0.000583 0.001697 0.001319][0m
[0m[ INFO] [1539484942.486268078]: BASEodom = [-0.000583 0.001697 0.001319][0m

COV_ODO:  1.04961e-05 -2.59808e-06 -5.80875e-07
-2.59808e-06  6.33504e-06 -2.98877e-06
-5.80875e-07 -2.98877e-06  1.57426e-05

COV_ODO:  7.44926e-06  1.67863e-06 -2.13675e-06
 1.67863e-06  5.65987e-06 -2.19992e-07
-2.13675e-06 -2.19992e-07   5.5196e-06

COV_ODO:  3.61174e-06 -3.16604e-08   2.7152e-08
-3.16604e-08  3.66602e-06  7.98428e-08
  2.7152e-08  7.98428e-08  2.41665e-06

COV_ODO: 6.17553e-08  1.0632e-07 5.85799e-09
 1.0632e-07  1.8371e-07 1.00449e-08
5.85799e-09 1.00449e-08 2.22102e-07

COV_ODO:  8.99831e-08 -2.17691e-08 -7.12573e-10
-2.17691e-08  1.05534e-07  -4.0502e-08
-7.12574e-10  -4.0502e-08  8.96599e-08
[0m[ INFO] [1539484942.626528874]: Time odometry (ms): 139.557007[0m
[0m[ INFO] [1539484942.627028514]: LASERodom = [-0.000363 0.001398 0.002091][0m
[0m[ INFO] [1539484942.627205182]: BASEodom = [-0.000363 0.001398 0.002091][0m

COV_ODO:  0.000209001 -6.09208e-05 -1.27589e-05
-6.09208e-05  0.000256812  3.08088e-05
-1.27589e-05  3.08088e-05  8.20657e-05

COV_ODO: 2.29332e-06 1.03648e-06 9.87983e-08
1.03648e-06 7.67295e-06 3.46756e-06
9.87983e-08 3.46756e-06 3.40807e-06

COV_ODO:  1.24904e-05 -2.52839e-06  3.23724e-06
-2.52839e-06  9.02898e-06 -1.67216e-06
 3.23724e-06 -1.67216e-06  4.64497e-06

COV_ODO:  6.85033e-07 -2.69415e-07 -2.98511e-09
-2.69415e-07  8.21346e-07  5.94916e-08
-2.98511e-09  5.94916e-08  4.58713e-07

COV_ODO:  1.88858e-07 -6.24533e-08 -1.96254e-08
-6.24533e-08  1.64535e-07  1.68947e-08
-1.96254e-08  1.68947e-08  1.44752e-07
[0m[ INFO] [1539484942.768210463]: Time odometry (ms): 140.313995[0m
[0m[ INFO] [1539484942.768751665]: LASERodom = [-0.000676 0.001926 0.002436][0m
[0m[ INFO] [1539484942.768978646]: BASEodom = [-0.000676 0.001926 0.002436][0m

COV_ODO:  3.63559e-06 -1.23795e-05  2.36636e-07
-1.23795e-05  4.21601e-05 -8.05299e-07
 2.36636e-07 -8.05299e-07  1.73697e-05

COV_ODO:  6.13943e-06 -3.06636e-07 -2.10866e-06
-3.06636e-07  1.16755e-05    3.574e-06
-2.10866e-06    3.574e-06  5.41287e-06

COV_ODO:  1.11062e-05    2.393e-06 -3.54774e-06
   2.393e-06  8.80418e-06 -6.65732e-07
-3.54774e-06 -6.65732e-07    7.356e-06

COV_ODO:  1.26846e-06 -2.53461e-07   3.8744e-08
-2.53461e-07  1.09114e-06  9.37544e-08
  3.8744e-08  9.37544e-08  9.31583e-07

COV_ODO:  1.02378e-07 -2.78289e-08   -1.212e-08
-2.78289e-08  9.05734e-08  3.49113e-10
  -1.212e-08  3.49113e-10  7.67258e-08
[0m[ INFO] [1539484942.912947388]: Time odometry (ms): 143.212006[0m
[0m[ INFO] [1539484942.913508174]: LASERodom = [-0.000765 0.002365 0.002436][0m
[0m[ INFO] [1539484942.913713123]: BASEodom = [-0.000765 0.002365 0.002436][0m

COV_ODO:  1.68211e-05 -5.71632e-05 -7.16326e-06
-5.71632e-05  0.000194551  2.44132e-05
-7.16326e-06  2.44132e-05  0.000141688

COV_ODO:  2.14946e-05 -1.38933e-05 -9.46841e-06
-1.38933e-05   3.4744e-05  1.20816e-05
-9.46841e-06  1.20816e-05    1.592e-05

COV_ODO:  7.49481e-06 -9.82334e-07 -4.34803e-08
-9.82334e-07  9.50794e-06 -1.49962e-06
-4.34803e-08 -1.49962e-06  6.06192e-06

COV_ODO:  1.14736e-06 -4.03682e-07 -2.35559e-07
-4.03682e-07  1.30522e-06 -2.56621e-07
-2.35559e-07 -2.56621e-07  9.00588e-07

COV_ODO:  9.65353e-08  -2.1161e-08 -4.75975e-09
 -2.1161e-08  8.01728e-08  2.95901e-09
-4.75975e-09  2.95901e-09  7.50402e-08
[0m[ INFO] [1539484943.057757439]: Time odometry (ms): 143.371002[0m
[0m[ INFO] [1539484943.058265464]: LASERodom = [-0.000694 0.002533 0.000198][0m
[0m[ INFO] [1539484943.058456663]: BASEodom = [-0.000694 0.002533 0.000198][0m

COV_ODO: 1.65416e-05 1.02203e-05 2.49121e-07
1.02203e-05  3.9705e-05 6.94426e-06
2.49121e-07 6.94426e-06 1.18134e-05

COV_ODO:  2.45382e-06 -3.43266e-08 -1.77359e-07
-3.43266e-08  2.42272e-06  3.76756e-07
-1.77359e-07  3.76756e-07  1.83708e-06

COV_ODO:  4.85482e-07 -1.54374e-07 -9.12533e-09
-1.54374e-07  5.12504e-08   2.7228e-09
-9.12533e-09   2.7228e-09  2.74727e-07

COV_ODO:   3.1957e-07 -1.19012e-07 -3.01688e-09
-1.19012e-07  2.61267e-07 -6.23159e-08
-3.01688e-09 -6.23159e-08   2.2139e-07

COV_ODO:  5.34827e-08 -1.53139e-08  8.48048e-09
-1.53139e-08  4.56113e-08 -5.90947e-10
 8.48048e-09 -5.90947e-10  3.16915e-08
[0m[ INFO] [1539484943.197972246]: Time odometry (ms): 138.800003[0m
[0m[ INFO] [1539484943.198535740]: LASERodom = [-0.000722 0.001818 -0.000147][0m
[0m[ INFO] [1539484943.198738346]: BASEodom = [-0.000722 0.001818 -0.000147][0m

COV_ODO:  7.36207e-06  2.18731e-06 -2.02006e-06
 2.18731e-06  5.95237e-06  1.47406e-06
-2.02006e-06  1.47406e-06  5.46973e-06

COV_ODO:  2.90965e-06 -1.93653e-07 -9.19813e-07
-1.93653e-07  1.94647e-06  5.25263e-07
-9.19813e-07  5.25263e-07  3.10481e-06

COV_ODO:  2.72029e-07 -8.73593e-08 -2.57953e-08
-8.73593e-08  3.29131e-08  8.00233e-09
-2.57953e-08  8.00233e-09  1.66002e-07

COV_ODO:  7.32641e-07 -2.49282e-07 -1.29276e-07
-2.49282e-07  5.91938e-07  3.96058e-08
-1.29276e-07  3.96058e-08  4.13118e-07

COV_ODO:  1.63748e-08 -7.56753e-09 -5.11563e-09
-7.56753e-09  2.19194e-08  2.40271e-09
-5.11563e-09  2.40271e-09  1.64542e-08
[0m[ INFO] [1539484943.336325007]: Time odometry (ms): 136.873001[0m
[0m[ INFO] [1539484943.336838865]: LASERodom = [0.000308 0.002715 -0.000993][0m
[0m[ INFO] [1539484943.337022617]: BASEodom = [0.000308 0.002715 -0.000993][0m

COV_ODO:  8.76581e-06   4.2455e-06 -9.14997e-07
  4.2455e-06  1.35418e-05 -1.25247e-06
-9.14997e-07 -1.25247e-06  6.53443e-06

COV_ODO:  5.58948e-05 -8.84769e-06  5.66714e-06
-8.84769e-06  2.86897e-05 -1.28128e-05
 5.66714e-06 -1.28128e-05   2.6819e-05

COV_ODO:  2.90867e-07 -9.12198e-08 -2.39714e-09
-9.12197e-08  3.91429e-08  1.14861e-10
-2.39714e-09  1.14861e-10  1.58452e-07

COV_ODO:  5.51396e-07 -1.07936e-07  1.14336e-07
-1.07936e-07  4.95817e-07 -8.03436e-08
 1.14336e-07 -8.03435e-08  3.43869e-07

COV_ODO:  6.71289e-08 -2.28377e-08  5.41674e-09
-2.28377e-08  6.21214e-08 -6.66649e-09
 5.41674e-09 -6.66649e-09  4.64046e-08
[0m[ INFO] [1539484943.483803830]: Time odometry (ms): 146.078995[0m
[0m[ INFO] [1539484943.484315501]: LASERodom = [0.000666 0.002138 -0.001591][0m
[0m[ INFO] [1539484943.484481179]: BASEodom = [0.000666 0.002138 -0.001591][0m

COV_ODO:  2.96553e-05 -9.36623e-06  6.34689e-07
-9.36623e-06  2.72045e-05  4.55118e-07
 6.34689e-07  4.55118e-07  1.84984e-05

COV_ODO: 1.37018e-06 1.14188e-07 -6.8319e-07
1.14188e-07 1.06482e-06 2.66453e-08
-6.8319e-07 2.66453e-08  1.2783e-06

COV_ODO:  4.63026e-06 -1.82805e-06 -9.09496e-07
-1.82805e-06  8.44664e-07   3.5475e-07
-9.09496e-07   3.5475e-07  2.83465e-06

COV_ODO:  5.53989e-07 -4.03421e-08 -1.87336e-07
-4.03421e-08  7.86274e-08  7.46817e-09
-1.87336e-07  7.46817e-09  4.76886e-07

COV_ODO:  8.46335e-08 -3.58811e-08 -4.16765e-09
-3.58811e-08  8.51142e-08 -2.01434e-08
-4.16765e-09 -2.01434e-08   6.1847e-08
[0m[ INFO] [1539484943.627423976]: Time odometry (ms): 142.266998[0m
[0m[ INFO] [1539484943.627937158]: LASERodom = [0.001752 0.002024 -0.002079][0m
[0m[ INFO] [1539484943.628125857]: BASEodom = [0.001752 0.002024 -0.002079][0m

COV_ODO:  2.87131e-05 -7.81575e-06 -5.39288e-06
-7.81575e-06  1.60392e-05  9.71049e-06
-5.39288e-06  9.71049e-06  1.98526e-05

COV_ODO:  1.43161e-05  9.89951e-07 -5.06114e-06
 9.89951e-07  1.66041e-05  4.51964e-06
-5.06114e-06  4.51964e-06  1.47633e-05

COV_ODO:  4.73713e-06 -1.24808e-06  1.18801e-07
-1.24808e-06  4.81999e-06 -2.12719e-07
 1.18801e-07 -2.12719e-07  3.45516e-06

COV_ODO:   2.6134e-07 -9.61771e-08 -2.97546e-08
-9.61771e-08  2.54602e-07  1.86991e-09
-2.97546e-08  1.86991e-09  1.63998e-07

COV_ODO:   8.4015e-08  -2.8178e-08 -4.93272e-09
 -2.8178e-08  8.20049e-08  1.24495e-08
-4.93272e-09  1.24495e-08   6.9424e-08
[0m[ INFO] [1539484943.768334935]: Time odometry (ms): 139.410995[0m
[0m[ INFO] [1539484943.768896450]: LASERodom = [0.000828 0.001680 -0.000252][0m
[0m[ INFO] [1539484943.769092805]: BASEodom = [0.000828 0.001680 -0.000252][0m

COV_ODO:  2.70968e-06  1.59209e-07 -2.64487e-07
 1.59209e-07  1.95019e-07 -7.51491e-08
-2.64487e-07 -7.51491e-08  1.35851e-06

COV_ODO: 6.00932e-08 2.29301e-07 6.82997e-09
2.29301e-07  9.1285e-07 3.32528e-08
6.82997e-09 3.32528e-08 9.42884e-07

COV_ODO:  7.46173e-06 -1.10209e-06 -2.11272e-06
-1.10209e-06  7.62161e-06  1.62548e-06
-2.11272e-06  1.62548e-06  5.44442e-06

COV_ODO:  8.44323e-07 -1.29072e-07 -3.80114e-09
-1.29072e-07  7.06375e-07  1.03656e-07
-3.80114e-09  1.03656e-07  5.96923e-07

COV_ODO:  4.79792e-08 -2.80073e-08 -4.68702e-09
-2.80073e-08  4.26815e-08  1.37115e-09
-4.68702e-09  1.37115e-09  4.56286e-08
[0m[ INFO] [1539484943.915081877]: Time odometry (ms): 145.276993[0m
[0m[ INFO] [1539484943.915577454]: LASERodom = [0.000989 0.001485 -0.000850][0m
[0m[ INFO] [1539484943.915747872]: BASEodom = [0.000989 0.001485 -0.000850][0m

COV_ODO:  7.71636e-06  1.14941e-06 -6.40226e-07
 1.14941e-06  1.56636e-06 -1.02569e-07
-6.40226e-07 -1.02569e-07  2.34118e-06

COV_ODO:  3.64111e-06  7.85004e-07 -1.21602e-06
 7.85003e-07  3.25838e-06  2.24914e-07
-1.21602e-06  2.24914e-07  2.58075e-06

COV_ODO:  1.14612e-08  2.38912e-09 -2.21418e-09
 2.38912e-09  7.06664e-10 -4.51715e-10
-2.21418e-09 -4.51715e-10  1.42411e-06

COV_ODO:  2.23851e-07 -1.67157e-07  -5.3749e-08
-1.67157e-07  1.52637e-07  4.49723e-08
 -5.3749e-08  4.49723e-08  2.50312e-07

COV_ODO:  2.80668e-08 -2.27283e-09  1.44957e-09
-2.27283e-09  2.65532e-08  4.30871e-09
 1.44957e-09  4.30871e-09  1.62708e-08
[0m[ INFO] [1539484944.057452587]: Time odometry (ms): 141.011993[0m
[0m[ INFO] [1539484944.057955299]: LASERodom = [0.000935 0.001723 -0.000505][0m
[0m[ INFO] [1539484944.058138373]: BASEodom = [0.000935 0.001723 -0.000505][0m

COV_ODO: 0.000127337 1.17106e-05 6.32532e-06
1.17106e-05 5.65903e-05 1.49581e-05
6.32532e-06 1.49581e-05 5.37818e-05

COV_ODO:  1.12362e-06 -2.82418e-07  -2.2796e-07
-2.82418e-07  2.10568e-06 -1.12282e-08
 -2.2796e-07 -1.12282e-08  1.65151e-06

COV_ODO:  2.15903e-07 -7.69732e-08 -7.34134e-08
-7.69732e-08  2.32256e-07  4.16403e-08
-7.34134e-08  4.16403e-08  1.63158e-07

COV_ODO:  3.40709e-07 -1.52515e-07 -3.62783e-08
-1.52515e-07  2.74179e-07  2.39545e-08
-3.62783e-08  2.39546e-08  2.16814e-07

COV_ODO:   3.5661e-08 -1.37938e-08  1.74281e-10
-1.37938e-08   4.5313e-08  1.57494e-08
 1.74281e-10  1.57494e-08  2.80866e-08
[0m[ INFO] [1539484944.198447505]: Time odometry (ms): 139.585007[0m
[0m[ INFO] [1539484944.199015166]: LASERodom = [0.000830 0.001914 0.000587][0m
[0m[ INFO] [1539484944.199244438]: BASEodom = [0.000830 0.001914 0.000587][0m

COV_ODO:   0.00114419   7.2244e-05  0.000280971
  7.2244e-05  0.000273829 -8.81927e-05
 0.000280971 -8.81927e-05  0.000359929

COV_ODO:  5.65111e-06 -7.34636e-07 -2.73078e-06
-7.34636e-07  5.44855e-06 -1.25341e-06
-2.73078e-06 -1.25341e-06  5.21848e-06

COV_ODO:  1.48576e-07  1.10734e-07 -8.79426e-08
 1.10734e-07  8.25882e-08 -6.55702e-08
-8.79426e-08 -6.55702e-08  2.88944e-07

COV_ODO:  3.12467e-07 -2.41971e-07 -9.59838e-09
-2.41971e-07  2.08277e-07  1.44701e-09
-9.59839e-09  1.44702e-09  2.41313e-07

COV_ODO:   7.6792e-08  1.18985e-09 -2.47638e-08
 1.18985e-09  5.66598e-08 -3.26307e-09
-2.47638e-08 -3.26307e-09  7.62438e-08
[0m[ INFO] [1539484944.335815363]: Time odometry (ms): 135.848007[0m
[0m[ INFO] [1539484944.336310523]: LASERodom = [0.000618 0.001751 0.001433][0m
[0m[ INFO] [1539484944.336504796]: BASEodom = [0.000618 0.001751 0.001433][0m

COV_ODO:  7.22591e-05  8.04107e-06  1.28115e-05
 8.04107e-06  3.72635e-05 -9.05715e-06
 1.28115e-05 -9.05715e-06   2.5341e-05

COV_ODO:  5.89797e-06   -1.198e-06  1.02493e-06
  -1.198e-06  2.66458e-06 -2.62772e-07
 1.02493e-06 -2.62772e-07  1.91333e-06

COV_ODO:  4.24251e-07 -1.92186e-07 -2.80356e-08
-1.92186e-07  1.04557e-07  5.74651e-09
-2.80356e-08  5.74651e-09  4.21986e-07

COV_ODO:  8.90776e-07 -1.46277e-07 -1.86106e-07
-1.46277e-07  1.02766e-06 -1.99574e-07
-1.86106e-07 -1.99574e-07  1.02715e-06

COV_ODO:  1.40622e-07 -5.81543e-08  1.82393e-09
-5.81543e-08  1.23315e-07 -2.91804e-08
 1.82392e-09 -2.91804e-08  1.03912e-07
[0m[ INFO] [1539484944.474212344]: Time odometry (ms): 136.834000[0m
[0m[ INFO] [1539484944.474755942]: LASERodom = [0.000704 0.001509 0.001433][0m
[0m[ INFO] [1539484944.474964017]: BASEodom = [0.000704 0.001509 0.001433][0m

COV_ODO: 6.03868e-05 9.94513e-06 -1.4874e-06
9.94514e-06 8.54568e-06 2.26444e-06
-1.4874e-06 2.26444e-06 1.40734e-05

COV_ODO:  4.8236e-08 1.83084e-07 3.97566e-08
1.83084e-07 7.26502e-07 1.57732e-07
3.97566e-08 1.57732e-07 5.72116e-07

COV_ODO:   1.0973e-06 -2.63304e-07  3.70938e-07
-2.63304e-07  2.31541e-07  -1.0336e-07
 3.70937e-07  -1.0336e-07  1.11686e-06

COV_ODO:  6.49511e-07 -1.62395e-07  6.84466e-08
-1.62395e-07  8.22675e-07 -1.99651e-07
 6.84466e-08 -1.99651e-07  5.41769e-07

COV_ODO:  1.19502e-07  -4.0766e-08  1.63607e-08
 -4.0766e-08   1.2141e-07 -3.04405e-08
 1.63607e-08 -3.04405e-08   8.6859e-08
[0m[ INFO] [1539484944.615997685]: Time odometry (ms): 140.287003[0m
[0m[ INFO] [1539484944.616553627]: LASERodom = [0.000956 0.002058 0.000661][0m
[0m[ INFO] [1539484944.616791025]: BASEodom = [0.000956 0.002058 0.000661][0m

COV_ODO:     6.14e-06  5.17707e-07 -1.51056e-06
 5.17707e-07  6.29751e-07 -5.28116e-07
-1.51056e-06 -5.28116e-07  3.65623e-06

COV_ODO: 8.66652e-07 2.73692e-06 4.81652e-07
2.73692e-06 1.08164e-05 2.13899e-06
4.81652e-07 2.13899e-06 9.59955e-06

COV_ODO:  2.87495e-07 -3.12406e-07 -6.46152e-09
-3.12406e-07  5.23666e-07 -6.62978e-09
-6.46151e-09 -6.62978e-09  6.43496e-07

COV_ODO:  5.94421e-10  1.18698e-09 -2.60743e-10
 1.18698e-09  8.27888e-09 -1.53049e-09
-2.60743e-10 -1.53049e-09  9.93243e-08

COV_ODO:  8.24018e-08 -2.48267e-08 -1.37476e-08
-2.48267e-08  6.81843e-08 -1.52196e-08
-1.37476e-08 -1.52196e-08  6.82326e-08
[0m[ INFO] [1539484944.758828191]: Time odometry (ms): 141.326996[0m
[0m[ INFO] [1539484944.759363091]: LASERodom = [0.000484 0.001977 0.001149][0m
[0m[ INFO] [1539484944.759574030]: BASEodom = [0.000484 0.001977 0.001149][0m

COV_ODO:  5.05427e-06 -5.51994e-06  1.88974e-06
-5.51994e-06  1.38472e-05 -6.16217e-06
 1.88974e-06 -6.16217e-06  6.09374e-06

COV_ODO:  9.14002e-07  4.58682e-07 -4.02491e-07
 4.58682e-07  1.21156e-06 -2.08943e-08
-4.02491e-07 -2.08943e-08  8.03038e-07

COV_ODO: 1.10171e-06 4.12857e-07 1.36169e-07
4.12857e-07 1.37736e-06 1.02194e-07
1.36169e-07 1.02194e-07 5.52992e-07

COV_ODO:  3.87947e-07 -5.28378e-08  3.78396e-09
-5.28378e-08  3.35936e-07 -3.69684e-08
 3.78396e-09 -3.69684e-08  1.32901e-07

COV_ODO:  1.13173e-07  -3.5128e-08 -8.84867e-09
 -3.5128e-08  9.74596e-08 -9.18692e-09
-8.84867e-09 -9.18692e-09  7.03813e-08
[0m[ INFO] [1539484944.913829939]: Time odometry (ms): 153.462997[0m
[0m[ INFO] [1539484944.914425308]: LASERodom = [0.000354 0.000920 0.001921][0m
[0m[ INFO] [1539484944.914650883]: BASEodom = [0.000354 0.000920 0.001921][0m

COV_ODO:  3.11641e-06 -1.41276e-06 -5.38452e-07
-1.41276e-06  3.31719e-06 -9.15104e-07
-5.38452e-07 -9.15104e-07  3.31171e-06

COV_ODO: 2.87802e-05 8.90692e-07 -2.2555e-05
8.90692e-07 2.77085e-05 9.28558e-06
-2.2555e-05 9.28558e-06 3.59039e-05

COV_ODO:  1.64918e-07 -5.05319e-08 -4.55996e-08
-5.05319e-08  1.96207e-08  1.47735e-08
-4.55996e-08  1.47735e-08  1.73414e-07

COV_ODO: 6.04472e-07 -1.3484e-07 1.09689e-07
-1.3484e-07 6.65478e-07 -5.6102e-08
1.09689e-07 -5.6102e-08 3.09437e-07

COV_ODO:  9.51679e-08 -2.03993e-08 -9.62149e-09
-2.03993e-08   9.2979e-08 -6.03854e-09
-9.62149e-09 -6.03854e-09   9.7373e-08
[0m[ INFO] [1539484945.065762132]: Time odometry (ms): 150.121994[0m
[0m[ INFO] [1539484945.066466721]: LASERodom = [-0.000123 0.002524 0.000829][0m
[0m[ INFO] [1539484945.066649430]: BASEodom = [-0.000123 0.002524 0.000829][0m

COV_ODO:  2.87759e-05   1.0196e-07 -4.18346e-06
  1.0196e-07  8.20612e-06 -2.50923e-06
-4.18346e-06 -2.50923e-06  2.64119e-05

COV_ODO:  3.81113e-05  8.82822e-06 -1.03105e-05
 8.82821e-06  6.50701e-05 -3.10944e-06
-1.03105e-05 -3.10944e-06  2.83507e-05

COV_ODO:  2.74001e-06  1.32924e-06 -3.89148e-07
 1.32924e-06  3.35704e-06  4.75972e-07
-3.89148e-07  4.75972e-07  2.29976e-06

COV_ODO:  5.38544e-07  -1.4003e-07 -6.61495e-08
 -1.4003e-07  5.81397e-07  9.89207e-08
-6.61495e-08  9.89207e-08  4.94098e-07

COV_ODO:  5.08573e-08 -1.40389e-08 -8.98389e-09
-1.40389e-08  4.56551e-08 -2.81846e-09
-8.98389e-09 -2.81846e-09  4.51678e-08
[0m[ INFO] [1539484945.217066716]: Time odometry (ms): 149.378006[0m
[0m[ INFO] [1539484945.217887556]: LASERodom = [0.000010 0.002754 0.001520][0m
[0m[ INFO] [1539484945.218077505]: BASEodom = [0.000010 0.002754 0.001520][0m

COV_ODO: 0.000140251 1.19398e-05 2.08664e-05
1.19398e-05 6.19715e-05 3.41157e-06
2.08664e-05 3.41157e-06 4.42267e-05

COV_ODO:  1.35505e-06 -6.80479e-08 -3.70767e-07
-6.80479e-08  2.26301e-06 -3.73992e-08
-3.70767e-07 -3.73992e-08  1.03893e-06

COV_ODO:  1.27358e-06 -1.01792e-07 -1.07662e-07
-1.01792e-07   1.1136e-06 -1.05323e-07
-1.07662e-07 -1.05323e-07   8.2244e-07

COV_ODO:     3.45e-07 -9.14552e-08 -4.44247e-08
-9.14552e-08  4.40745e-08  8.19582e-09
-4.44247e-08  8.19582e-09  2.46802e-07

COV_ODO:   1.1128e-07 -4.27627e-09  6.75458e-10
-4.27627e-09  9.56683e-08 -1.21633e-08
 6.75458e-10 -1.21633e-08  7.17827e-08
[0m[ INFO] [1539484945.360711343]: Time odometry (ms): 141.485001[0m
[0m[ INFO] [1539484945.361433016]: LASERodom = [-0.000580 0.002679 0.002008][0m
[0m[ INFO] [1539484945.361625153]: BASEodom = [-0.000580 0.002679 0.002008][0m

COV_ODO: 0.000192068 2.76615e-06 3.90127e-05
2.76615e-06 9.44538e-05  3.2076e-05
3.90127e-05  3.2076e-05 7.76944e-05

COV_ODO:  1.88493e-05 -3.97065e-06 -6.17619e-06
-3.97065e-06  2.69159e-05  1.61884e-06
-6.17619e-06  1.61884e-06  1.74406e-05

COV_ODO:  1.27502e-06 -4.16854e-07 -2.79061e-07
-4.16854e-07  1.16764e-06 -5.08055e-08
-2.79061e-07 -5.08055e-08  7.97842e-07

COV_ODO:  1.75004e-07 -6.09511e-08 -5.12544e-09
-6.09512e-08  1.65227e-07 -4.33479e-08
-5.12544e-09 -4.33479e-08  1.09708e-07

COV_ODO:  4.54186e-08 -1.29914e-08  4.78974e-09
-1.29914e-08  4.53292e-08 -9.87025e-09
 4.78974e-09 -9.87025e-09  2.65488e-08
[0m[ INFO] [1539484945.497972170]: Time odometry (ms): 135.498001[0m
[0m[ INFO] [1539484945.498478372]: LASERodom = [-0.000268 0.002965 0.002008][0m
[0m[ INFO] [1539484945.498889834]: BASEodom = [-0.000268 0.002965 0.002008][0m

COV_ODO:  6.98407e-05 -1.09676e-05 -3.46633e-06
-1.09676e-05  3.16782e-05  1.52331e-05
-3.46633e-06  1.52331e-05  2.73463e-05

COV_ODO:  1.40756e-06 -6.12645e-07 -4.26398e-07
-6.12645e-07  1.12551e-06  2.33245e-07
-4.26398e-07  2.33245e-07  6.26948e-07

COV_ODO:  5.15249e-07 -1.56897e-07  -9.1933e-08
-1.56897e-07   6.4755e-08  2.76161e-08
 -9.1933e-08  2.76161e-08  3.82226e-07

COV_ODO:  9.67786e-07 -3.79068e-07  8.16636e-08
-3.79068e-07  1.01692e-06 -1.28942e-07
 8.16636e-08 -1.28942e-07  5.67518e-07

COV_ODO:  1.02971e-07  -3.3428e-08 -9.71006e-09
 -3.3428e-08  1.06678e-07 -2.75402e-08
-9.71006e-09 -2.75402e-08  8.71056e-08
[0m[ INFO] [1539484945.639559021]: Time odometry (ms): 139.811996[0m
[0m[ INFO] [1539484945.640256527]: LASERodom = [0.000296 0.002478 0.001163][0m
[0m[ INFO] [1539484945.640453455]: BASEodom = [0.000296 0.002478 0.001163][0m

COV_ODO:  1.11259e-05 -6.76681e-07 -2.66208e-06
-6.76681e-07  7.77658e-06  3.35955e-06
-2.66208e-06  3.35955e-06  7.65505e-06

COV_ODO:  3.47558e-06 -7.53824e-08 -1.39568e-06
-7.53824e-08  2.77325e-06  9.68441e-07
-1.39568e-06  9.68441e-07   2.4883e-06

COV_ODO:  1.94563e-06 -2.66093e-07  1.41497e-07
-2.66093e-07  2.30775e-06 -3.52457e-07
 1.41497e-07 -3.52457e-07  1.38398e-06

COV_ODO:  5.92982e-07 -7.06546e-08  1.22182e-07
-7.06546e-08  4.76327e-07  4.40448e-08
 1.22182e-07  4.40448e-08  2.37958e-07

COV_ODO:  1.87603e-07 -4.30819e-08  9.31026e-09
-4.30819e-08  1.62419e-07  1.36297e-08
 9.31026e-09  1.36297e-08  1.51554e-07
[0m[ INFO] [1539484945.777144174]: Time odometry (ms): 135.828003[0m
[0m[ INFO] [1539484945.777723032]: LASERodom = [0.000490 0.002000 0.002139][0m
[0m[ INFO] [1539484945.778282256]: BASEodom = [0.000490 0.002000 0.002139][0m

COV_ODO:  1.49314e-05 -8.52878e-06  3.80626e-06
-8.52877e-06  2.60621e-05 -4.04502e-06
 3.80626e-06 -4.04502e-06  7.52305e-06

COV_ODO: 6.69139e-06 8.73812e-07 1.36534e-06
8.73812e-07 3.60147e-06 1.05294e-06
1.36534e-06 1.05294e-06 2.87642e-06

COV_ODO:  3.79141e-07  2.15154e-08  4.92972e-08
 2.15154e-08  5.49156e-07 -5.88637e-08
 4.92972e-08 -5.88637e-08  3.31029e-07

COV_ODO: 9.58754e-08 2.64936e-07 3.37914e-08
2.64936e-07   8.013e-07 9.82298e-08
3.37914e-08 9.82298e-08 4.84491e-07

COV_ODO:  5.92471e-08 -2.01818e-08 -1.43666e-08
-2.01818e-08   5.8733e-08  9.65104e-09
-1.43666e-08  9.65104e-09  5.67673e-08
[0m[ INFO] [1539484945.917191377]: Time odometry (ms): 137.949005[0m
[0m[ INFO] [1539484945.917916799]: LASERodom = [0.000712 0.002808 0.001794][0m
[0m[ INFO] [1539484945.918106853]: BASEodom = [0.000712 0.002808 0.001794][0m

COV_ODO:  1.19581e-05 -1.31405e-06  1.09204e-06
-1.31405e-06  7.92201e-06 -1.15103e-06
 1.09204e-06 -1.15103e-06  6.34963e-06

COV_ODO:  2.16219e-06  3.08124e-07 -5.58251e-07
 3.08124e-07  3.59457e-06  1.37281e-06
-5.58251e-07  1.37281e-06  2.14856e-06

COV_ODO:  3.4024e-06 2.15776e-06 3.06547e-07
2.15776e-06 3.87448e-06 4.71685e-07
3.06547e-07 4.71685e-07 1.30945e-06

COV_ODO:  1.31833e-06 -4.98949e-07  2.97345e-07
-4.98949e-07  1.33347e-06 -4.09636e-07
